0 0.685 0.3225 0.2175 0.57
0 0.8725 0.35125 0.25 0.7025
0 0.3375 0.095 0.055 0.1325
0 0.27625 0.10375 0.055 0.1225
0 0.30375 0.1025 0.07 0.15
0 0.25375 0.11125 0.0475 0.125
0 0.3975 0.09875 0.065 0.1475
0 0.54625 0.08875 0.0725 0.175
0 0.4475 0.1025 0.0625 0.1675
0 0.60125 0.09625 0.0775 0.18
0 0.67375 0.09625 0.0775 0.1925
0 0.01 0.18 0.02 0.215
0 0.74625 0.0975 0.0875 0.195
0 0.0425 0.18625 0.085 0.2475
0 0.0275 0.19125 0.055 0.2475
0 0.8275 0.1 0.075 0.2
0 0.0775 0.19625 0.075 0.2625
0 0.1225 0.20375 0.0975 0.295
0 0.1775 0.22375 0.0975 0.3075
0 0.245 0.23 0.1275 0.3325
0 0.3725 0.24125 0.1575 0.4475
0 0.5025 0.275 0.19 0.4875