0 0.67875 0.31625 0.235 0.5725
0 0.86375 0.345 0.2675 0.69
0 0.3225 0.10125 0.0575 0.1325
0 0.2625 0.1125 0.06 0.1225
0 0.29 0.10875 0.075 0.1525
0 0.24 0.12 0.0525 0.125
0 0.38375 0.1025 0.07 0.1475
0 0.5325 0.08875 0.08 0.1775
0 0.43375 0.10375 0.0675 0.1675
0 0.5875 0.0925 0.085 0.1825
0 0.66125 0.09375 0.0825 0.1875
0 0.73125 0.09375 0.0925 0.1875
0 0.03875 0.20125 0.0775 0.2475
0 0.025 0.20875 0.05 0.2475
0 0.8125 0.095 0.08 0.19
0 0.0675 0.21125 0.085 0.2625
0 0.1125 0.2175 0.1075 0.295
0 0.16875 0.235 0.1075 0.3075
0 0.23625 0.23875 0.1375 0.335
0 0.36375 0.24625 0.17 0.4475
0 0.495 0.275 0.205 0.4875