0 0.7125 0.3575 0.18 0.5625
0 0.895 0.41875 0.205 0.6975
0 0.41 0.07375 0.045 0.13
0 0.34875 0.07125 0.0475 0.12
0 0.37625 0.07375 0.0625 0.1475
0 0.325 0.07375 0.04 0.1225
0 0.46875 0.08625 0.055 0.145
0 0.6175 0.1025 0.06 0.1725
0 0.5175 0.09875 0.0525 0.165
0 0.67 0.12 0.0675 0.1775
0 0.7425 0.1275 0.0625 0.1975
0 0.04875 0.1025 0.0525 0.205
0 0.81125 0.1425 0.07 0.195
0 0.10125 0.11625 0.0725 0.2325
0 0.07625 0.1175 0.0625 0.235
0 0.8925 0.15875 0.0575 0.2025
0 0.1375 0.13 0.06 0.26
0 0.18 0.145 0.08 0.29
0 0.23 0.17125 0.0775 0.305
0 0.29625 0.19 0.105 0.33
0 0.42 0.2225 0.1275 0.4425
0 0.54125 0.28 0.1575 0.48