0 0.4825 0.30875 0.135 0.26
0 0.60125 0.35375 0.1125 0.2625
0 0.77125 0.415 0.1225 0.28
0 0.95 0.515 0.095 0.36
0 0.6575 0.46375 0.1475 0.34
0 0.405 0.41375 0.15 0.3375
0 0.135 0.35625 0.155 0.34
0 0.86875 0.69 0.2025 0.4975
0 0.4925 0.6225 0.2325 0.525
0 0.1475 0.56625 0.235 0.5275
0 0.23875 0.06875 0.0775 0.1375
0 0.15875 0.06625 0.0775 0.1325
0 0.3275 0.0875 0.065 0.14
0 0.39625 0.10875 0.065 0.135
0 0.47 0.12375 0.08 0.16
0 0.545 0.14125 0.0675 0.15
0 0.63625 0.1625 0.08 0.155
0 0.82125 0.21 0.0675 0.1525
0 0.7275 0.1925 0.0825 0.1525
0 0.99 0.25625 0.015 0.1475
0 0.91625 0.2375 0.07 0.1625
0 0.24375 0.18875 0.11 0.22
0 0.11375 0.165 0.115 0.2375
0 0.37 0.24 0.105 0.2275