0 0.4425 0.31625 0.085 0.2475
0 0.56875 0.33625 0.06 0.255
0 0.7475 0.36 0.07 0.27
0 0.965 0.415 0.0675 0.35
0 0.64625 0.43125 0.08 0.33
0 0.38875 0.435 0.085 0.3275
0 0.1125 0.435 0.09 0.3275
0 0.9 0.60875 0.1025 0.485
0 0.5175 0.62125 0.13 0.51
0 0.16875 0.63875 0.1325 0.51
0 0.15125 0.1225 0.045 0.15
0 0.07125 0.13125 0.045 0.155
0 0.245 0.1325 0.0375 0.135
0 0.3175 0.13875 0.04 0.13
0 0.3925 0.13875 0.05 0.155
0 0.47 0.14 0.04 0.145
0 0.5625 0.14125 0.05 0.1475
0 0.75375 0.15 0.04 0.1475
0 0.65875 0.1525 0.055 0.145
0 0.95375 0.15375 0.0375 0.14
0 0.8525 0.15625 0.04 0.16
0 0.185 0.24875 0.0675 0.21
0 0.0525 0.2525 0.07 0.2275
0 0.31875 0.2725 0.06 0.22