0 0.4 0.335 0.1425 0.26
0 0.5275 0.325 0.1225 0.2625
0 0.70625 0.30375 0.1325 0.28
0 0.92625 0.305 0.1425 0.36
0 0.625 0.3975 0.1575 0.34
0 0.37625 0.46375 0.1625 0.3375
0 0.10875 0.53125 0.1675 0.34
0 0.90125 0.51 0.1925 0.5
0 0.54625 0.61375 0.25 0.5275
0 0.2125 0.715 0.2525 0.5275
0 0.07 0.2175 0.0775 0.155
0 0.01875 0.2475 0.0375 0.165
0 0.16375 0.205 0.07 0.1425
0 0.235 0.19375 0.07 0.135
0 0.30875 0.175 0.085 0.16
0 0.38375 0.1575 0.0725 0.15
0 0.47375 0.13625 0.085 0.155
0 0.66125 0.09875 0.0725 0.1525
0 0.57 0.125 0.0875 0.1525
0 0.85625 0.06375 0.0725 0.1275
0 0.75875 0.08125 0.075 0.1625
0 0.13375 0.3325 0.1175 0.22
0 0.035 0.3675 0.07 0.24
0 0.26875 0.3225 0.1125 0.2275