0 0.98125 0.6325 0.0325 0.075
0 0.9525 0.645 0.035 0.0525
0 0.92875 0.69625 0.05 0.09
0 0.98 0.69625 0.035 0.0975
0 0.70625 0.77875 0.04 0.08
0 0.44125 0.8575 0.0475 0.095
0 0.41625 0.8675 0.0425 0.0875
0 0.73375 0.79625 0.05 0.1025
0 0.38 0.8975 0.055 0.115
0 0.41375 0.8875 0.0525 0.115
0 0.78 0.8225 0.0725 0.145
0 0.3375 0.9325 0.065 0.13
0 0.37625 0.9325 0.0625 0.13
0 0.28875 0.9525 0.0725 0.09
0 0.98375 0.80125 0.0275 0.1575
0 0.26875 0.96375 0.0725 0.0675
0 0.75125 0.8825 0.065 0.1175
0 0.84875 0.85875 0.07 0.1275
0 0.47875 0.94625 0.0725 0.1025
0 0.31625 0.9725 0.0775 0.05