0 0.95375 0.7225 0.0325 0.07
0 0.9175 0.72875 0.0275 0.05
0 0.99125 0.735 0.0125 0.085
0 0.88375 0.775 0.035 0.0875
0 0.9425 0.78625 0.035 0.0925
0 0.65 0.8125 0.025 0.0775
0 0.375 0.84 0.03 0.0925
0 0.3475 0.845 0.025 0.085
0 0.6725 0.835 0.03 0.1025
0 0.30625 0.8675 0.035 0.115
0 0.34125 0.865 0.0325 0.115
0 0.71375 0.87 0.0475 0.14
0 0.255 0.90375 0.035 0.1525
0 0.29375 0.90625 0.035 0.1425
0 0.20125 0.92875 0.0425 0.1375
0 0.9525 0.895 0.0725 0.15
0 0.17625 0.9375 0.0475 0.12
0 0.67375 0.92375 0.045 0.115
0 0.77375 0.91875 0.05 0.125
0 0.39125 0.94125 0.0525 0.1125
0 0.1025 0.95625 0.06 0.0825
0 0.22125 0.95125 0.0575 0.0925