0 0.98375 0.6075 0.0275 0.075
0 0.96 0.62125 0.0375 0.0525
0 0.93875 0.67375 0.055 0.09
0 0.98375 0.67125 0.0275 0.0975
0 0.72125 0.7675 0.0425 0.0775
0 0.46 0.86 0.05 0.095
0 0.435 0.8725 0.045 0.0875
0 0.74875 0.78375 0.0525 0.1025
0 0.40125 0.9025 0.06 0.115
0 0.43375 0.8925 0.0575 0.115
0 0.7975 0.8075 0.08 0.145
0 0.36125 0.93625 0.0725 0.1225
0 0.4 0.935 0.07 0.125
0 0.315 0.9575 0.08 0.08
0 0.295 0.97 0.08 0.055
0 0.77125 0.86875 0.07 0.1175
0 0.86625 0.84 0.0775 0.1275
0 0.50375 0.94625 0.0775 0.1025
0 0.34375 0.9775 0.0825 0.04